5442
7281
6634
9347
1786
3570
3254
4875
7230
4768
1320
7375
3191
9035
8549
4754
3844
2465
2544
7349
6903
5678
8666
8706
9786
5555
3807
1690
4409
3972
2816
9454
2986
5267
682
5252
7697
8641
8150
2986
3339
2096
1502
9839
3032
4116
5390
4611
8784
6390
1777
3595
2928
2909
7742
5970
9571
2975
4748
3613
4679
7553
8470
5317
9948
6161
8344
1330
7263
9671
3005
6241
7664
4089
8918
9685
9195
1100
2133
1252
3152
8625
2082
6286
4122
5166
5890
8574
890
9689
6624
9299
1742
2163
3669
249
6343
1731
9659
8235
8539
3023
8876
905
6789
3455
7188
942
1631
5690
3645
3065
6086
5145
2722
654
4027
6197
6335
7350
5406
6518
6513
6283
6324
6697
1393
7028
8088
8332
2605
3748
5839
1231
1011
5736
9000
5439
1919
5485
4660
732
5767
241
3623
8750
1901
7782
6893
5003
1167
5982
6351
1091
8216
8839
8315
2784
3278
1956
8850
4170
2942
9741
7070
9442
3822
712
3819
7294
7440
3336
7847
4877
1741
1780
3416
2381
3512
4630
8324
3674
6176
6894
580
5394
3174
6770
1493
872
4973
5224
5405
1752
3183
8230
8267
4055
3600
8711
1066
2703
3511
2806
777
9443
9538
6550
210
4567
6725
6441
6906
2688
7856
8260
5984
1485
6556
4863
8570
3451
7839
5067
4723
4118
4675
3759
7740
3880
9520
339
1013
7481
2021
5980
4797
4533
3447
9746
5687
4350
5658
372
5352
4503
6454
2910
7501
4403
1099
6067
8460
673
3916
899
906
247
5435
8017
274
409
4090
8619
9227
7970
660
6284
5992
9623
8883
9586
722
3863
905
2183
2382
1236
3192
2926
2841
7064
3752
6131
5999
479
9749
6011
5594
9186
5368
913
5762
8221
3699
4141
9540
1145
2932
976
104
2046
7946
7971
4340
9159
270
4645
7019
6830
5783
2333
8444
1761
7481
7691
6303
9747
5307
9082
2963
2472
3795
4826
5389
597
7973
1818
9307
4649
3360
5990
9157
4158
7197
7784
9846
8227
2334
9005
3192
8961
8924
5709
6088
5360
3548
3484
3340
9431
2383
8886
2514
5785
3380
9806
8711
426
8573
4629
5495
4926
5499
789
3397
1628
8158
8879
1119
4715
5338
6232
613
2586
6372
2869
1527
3957
8167
9680
9683
3195
8801
7140
318
3754
352
7332
3492
6043
5601
3006
9216
8108
9017
8997
6333
8122
3908
4278
8497
996
9129
5963
6534
4160
857
9431
2406
5577
2113
2032
1623
9619
1345
1302
4447
741
386
9012
2997
7457
1415
8861
6993
4880
8902
7752
4202
3633
2742
823
7963
5792
7579
2303
3546
9463
5365
9578
4130
985
7398
3565
6521
8691
1082
950
9284
6112
7680
1581
738
4308
8837
6034
3232
9643
8951
6712
623
3756
5339
4155
4413
4472
3346
9507
5494
4745
9737
8896
3117
7070
1481
1042
1627
4401
6261
8387
5587
6838
4205
7021
687
4163
2895
1028
9424
4383
9424
4770
1977
7449
3960
4328
2519
4886
5061
7774
4824
4193
1884
3176
5247
1953
3570
3079
983
8429
2863
9429
985
6035
5066
3624
9016
5890
607
2832
669
8719
331
5678
3910
9310
784
9609
7738
6766
2863
1950
7908
1068
6456
8665
6247
179
7655
9715
4670
9502
3023
8949
2790
4181
9640
2656
9481
695
1583
3230
5654
4982
4436
8150
5940
9608
8746
2187
2357
9836
8874
2015
7261
1589
5956
9318
3294
7100
4216
5991
6636
7332
8760
9740
2225
6556
4454
4570
8152
3670
8629
3760
2477
5678
1005
5549
9880
834
244
6285
7792
5211
9719
2958
246
7504
1643
1303
863
8115
8975
6495
5810
689
6199
5235
897
3541
7952
7880
9313
2492
2248
1577
8755
6832
3531
5448
4270
347
4183
8870
260
774
3325
3062
8431
5316
9938
3478
1389
4686
3043
8002
5511
4548
3165
5799
3160
4778
3751
8532
2659
9536
3030
7386
3377
4327
2927
6075
6182
3443
2053
6892
2559
1748
4547
6394
4421
3470
1050
3934
1085
298
4273
9593
4027
8952
651
1330
4491
1660
4987
8296
3147
4137
2047
7293
497
3282
724
6993
2188
2900
5156
5493
928
4227
8525
1991
4671
3015
8171
2082
9841
3799
7158
7623
5933
9430
7053
7777
1313
5807
4643
6062
2182
4252
3056
2198
3004
603
6650
6224
5098
8034
3685
2860
1125
825
8253
7337
1770
4026
9104
9733
3506
2006
2915
6907
8455
3268
9217
2644
6708
2506
9568
818
1446
157
1464
3358
3764
3070
8024
2730
1653
3515
9285
9571
3809
1463
4095
5626
753
2916
4680
5227
7763
2780
3670
3288
4707
8739
9168
9690
9741
9793
4935
5119
6577
9481
9246
3288
1883
6714
6513
4978
1428
982
1864
8617
6844
373
9893
1805
8642
4583
9138
7565
7449
5117
2469
4820
4934
3571
8595
3396
5146
8181
6158
3434
5318
5401
8918
6428
8533
4237
2520
6896
1369
9485
6455
9119
5533
8249
622
9616
7647
8485
1072
947
3907
1321
3940
7709
1119
5960
7494
2952
8970
4002
9812
1387
1773
4938
1450
8796
9470
1626
3385
8809
8577
1309
2407
7761
8224
9812
2184
6751
8789
4588
2268
6517
3516
4775
2234
9000
5312
6331
1396
748
8091
5390
3050
5535
6988
1348
1324
7175
1707
7196
1136
8064
9231
9240
8455
1561
1608
7908
6802
3929
4341
6726
7361
4401
9148
3779
1521
2859
6457
4140
7461
9814
6471
8107
4999
4653
8710
1170
4641
8719
2254
9895
8222
984
3595
454
3493
6656
4420
7904
8155
1943
4913
8113
344
6009
3195
8024
2595
1853
5993
5209
5470
9453
8157
6932
377
7486
421
3450
5864
9487
299
9088
4065
7657
4337
1871
8461
3720
4346
4708
8781
4609
4456
5415
8581
7137
524
5014
6262
3528
8333
7364
9115
6912
902
8274
6625
8965
3290
489
1962
4255
7217
8166
6986
234
9704
8646
294
1392
8829
1317
9645
2108
2305
6385
4909
8862
6929
719
8911
6403
4384
6829
1366
9990
9061
6416
6115
837
6863
2615
1810
3681
6410
718
1850
2597
3556
5018
786
5598
3792
7360
4836
2077
741
8480
9515
185
1762
3190
8265
5974
1390
1612
2278
9073
1471
1474
1441
1434
8080
3547
8578
3577
5832
4926
2454
5633
6083
7480
8289
9488
4034
1550
1783
9158
4447
6308
7624
2158
2515
7775
7097
297
7144
3382
8742
3676
4334
9790
343
1939
7166
2894
9640
9532
4305
7554
1194
9262
9621
3616
2422
3924
6455
4194
314
278
4051
8011
6926
8174
6846
6567
9733
5763
9368
901
9707
7254
1346
2651
6389
444
5547
730
2228
4692
1233
5417
6803
9150
7568
1687
6797
4141
4171
6204
6688
9501
1979
3718
4956
6627
4451
7020
1694
8963
4649
7542
108
5402
214
4051
6029
852
5031
2752
2296
3719
1730
9773
2506
5597
4424
243
3450
1120
6326
7163
3181
7341
4033
4591
7670
2375
5012
9021
3454
1378
5447
6269
1373
2511
2512
5037
5656
4441
5646
6166
6113
6387
9544
7885
9728
1546
3665
2904
3952
7479
2922
1569
2916
7923
9783
4136
644
134
3031
3551
7847
9661
9001
9359
9179
5697
1946
9057
391
5829
2967
7572
4246
1305
9767
7222
5663
4325
6948
6862
6515
4257
5799